0	1 0.658505 0.120902
0	1 8.195486 1.787882
0	1 -18.452459 2.442982
0	1 10.134670 -2.877098
0	1 -7.746840 -3.516576
0	1 2.246041 -1.985096
0	1 7.439276 2.406715
0	1 -15.751003 3.992222
0	1 14.310766 -2.285274
0	1 -12.812565 -1.524974
0	1 -2.766511 -1.742305
0	1 13.563253 2.400549
0	1 -16.014063 2.777682
0	1 10.995329 -1.734663
0	1 -6.946957 -2.821414
0	1 1.055942 -2.798244
0	1 13.075795 2.702219
0	1 -16.893178 3.521113
0	1 8.505672 -2.222553
0	1 -5.140233 -4.721011
0	1 0.390406 -1.922670
0	1 8.708219 3.068378
0	1 -15.166566 4.340539
0	1 8.896745 -3.428842
0	1 -13.020996 -3.362552
0	1 -1.601585 -1.625032
1	1 9.197532 4.062545
1	1 -13.302657 3.003228
1	1 10.174071 -2.649716
1	1 -10.973660 -2.694605
1	1 -0.531040 -0.505154
1	1 13.608601 1.921288
1	1 -14.136302 2.218797
1	1 9.692861 -2.461569
1	1 -10.685292 -3.848518
1	1 0.419628 -1.465389
1	1 12.240088 3.176041
1	1 -7.548510 2.894802
1	1 11.272812 -3.036885
1	1 -14.801020 -1.627744
1	1 4.382623 0.899491
1	1 9.208410 2.900924
1	1 -14.595298 3.372725
1	1 14.795306 -2.060219
1	1 -9.659297 -3.243589
1	1 3.391854 -0.242645
1	1 11.743955 1.146395
1	1 -7.627301 2.091656
2	1 7.497590 -4.125476
2	1 -4.383417 -4.450541
2	1 -1.653267 -2.692020
2	1 9.671610 2.253687
2	1 -13.726704 3.686576
2	1 9.073030 -3.302347
2	1 -7.890389 -3.591806
2	1 3.717007 0.517710
2	1 10.388512 0.976025
2	1 -9.648587 3.098517
2	1 9.012747 -2.568658
2	1 -12.002152 -3.736742
2	1 0.888435 -2.567737
2	1 11.183143 3.548120
2	1 -8.223706 3.470017
2	1 10.369705 -2.897388
2	1 -12.238736 -1.978522
2	1 -0.077226 -0.541799
2	1 8.869033 3.479694
3	1 -11.371733 3.112467
3	1 11.903594 -3.087027
3	1 -9.682881 -3.423805
3	1 0.875378 -0.547093
3	1 13.556535 3.417084
3	1 -14.134494 1.744462
3	1 11.036079 -3.494417
3	1 -9.763848 -3.785896
3	1 -0.251031 0.141332
3	1 15.189689 1.175056
3	1 -13.575254 1.906947
3	1 7.994416 -2.841452
3	1 -9.777314 -2.870558
3	1 -0.152045 -1.527118
3	1 8.290410 3.840013
3	1 -13.253176 3.284566
3	1 10.429792 -3.630846
3	1 -10.260773 -4.588353
3	1 1.824500 -2.261202
3	1 14.512454 2.618730
3	1 -15.636915 5.232153
3	1 4.998878 -4.056351
3	1 -13.236289 -2.965975
3	1 1.725708 -1.693150
3	1 11.695142 3.302144
3	1 -9.717864 1.803179
3	1 7.236952 -4.500535
3	1 -9.744865 -3.276485
3	1 1.735699 -1.112243
3	1 9.540730 1.819903
3	1 -13.295554 3.346895
3	1 4.998815 -4.311962
3	1 -6.940962 -3.375019
3	1 0.822413 -1.846978
3	1 12.991081 2.002865
3	1 -12.769492 2.839639
3	1 8.829402 -4.144414
3	1 -16.718106 -1.036345
3	1 -1.478863 -1.219587
3	1 9.688937 2.209250
3	1 -21.519304 3.679695
3	1 12.166364 -2.980243
4	1 -10.915873 -3.877158
4	1 0.878434 -3.694923
4	1 10.080847 3.266206
4	1 -11.513567 2.392648
4	1 14.538706 -1.617496
4	1 -6.899943 -4.394596
4	1 1.996622 -0.903971
4	1 14.658470 3.652625
4	1 -14.088668 2.304742
4	1 14.832022 -1.317222
4	1 -13.627617 -1.438784
4	1 0.598770 -2.091064
4	1 15.045822 2.596649
4	1 -8.886696 3.363128
4	1 7.538254 -4.627460
